20 11
 8  8  7  8  9  9  8  8  7  9  9
10 12 12 10 12  9 10 11 11 13 12
13 10 12 15 12 14 13 13 12 13 13
14 15 16 14 14 13 16 17 14 15 16
14 14 15 16 17 18 17 15 14 16 16
15 15 16 17 15 16 15 12 14 15 16
16 12 13 13 16 17 16 18 17 17 16
14 14 16 18 20 20 21 20 19 18 16
16 17 18 17 18 19 18 19 18 19 17
15 15 17 17 18 17 18 18 17 18 17
16 15 15 15 15 14 15 16 17 16 17
16 15 15 16 16 17 15 16 17 16 16
16 15 15 16 15 16 17 15 14 17 16
16 15 16 17 18 20 20 18 18 17 16
17 15 16 16 18 20 17 17 18 19 17
18 17 17 17 18 18 19 18 18 17 17
19 18 16 15 16 17 18 16 16 19 18
18 18 17 18 19 18 17 16 15 17 18
17 18 19 14 18 18 19 19 17 18 19
19 20 20 18 19 18 19 18 18 17 19